{
 "cells": [
  {
   "cell_type": "code",
   "execution_count": 1,
   "metadata": {},
   "outputs": [],
   "source": [
    "import numpy as np"
   ]
  },
  {
   "cell_type": "code",
   "execution_count": 14,
   "metadata": {},
   "outputs": [],
   "source": [
    "a = np.zeros((12,12), dtype=int)"
   ]
  },
  {
   "cell_type": "code",
   "execution_count": 19,
   "metadata": {},
   "outputs": [],
   "source": [
    "xw1, yw1, zw1, x1, y1 = 6, 0, 2, 793, 884\n",
    "xw2, yw2, zw2, x2, y2 = 0, 6, 2, 1080, 880\n",
    "xw3, yw3, zw3, x3, y3 = 4, 0, 2, 845, 884\n",
    "xw4, yw4, zw4, x4, y4 = 0, 4, 2, 1033, 880\n",
    "xw5, yw5, zw5, x5, y5 = 6, 0, 0, 793, 950\n",
    "xw6, yw6, zw6, x6, y6 = 0, 6, 0, 1080, 948"
   ]
  },
  {
   "cell_type": "code",
   "execution_count": 20,
   "metadata": {},
   "outputs": [],
   "source": [
    "a[0] = [xw1, yw1, zw1, 1, 0, 0, 0, 0, -x1*xw1, -x1*yw1, -x1*zw1, -x1]\n",
    "a[1] = [0, 0, 0, 0, xw1, yw1, zw1, 1, -y1*xw1, -y1*yw1, -y1*zw1, -y1]\n",
    "a[2] = [xw2, yw2, zw2, 1, 0, 0, 0, 0, -x2*xw2, -x2*yw2, -x2*zw2, -x2]\n",
    "a[3] = [0, 0, 0, 0, xw2, yw2, zw2, 1, -y2*xw2, -y2*yw2, -y1*zw2, -y2]\n",
    "a[4] = [xw3, yw3, zw3, 1, 0, 0, 0, 0, -x3*xw3, -x3*yw3, -x3*zw3, -x3]\n",
    "a[5] = [0, 0, 0, 0, xw3, yw3, zw3, 1, -y3*xw3, -y3*yw3, -y3*zw3, -y3]\n",
    "a[6] = [xw4, yw4, zw4, 1, 0, 0, 0, 0, -x4*xw4, -x4*yw4, -x4*zw4, -x4]\n",
    "a[7] = [0, 0, 0, 0, xw4, yw4, zw4, 1, -y4*xw4, -y4*yw4, -y4*zw4, -y4]\n",
    "a[8] = [xw5, yw5, zw5, 1, 0, 0, 0, 0, -x5*xw5, -x5*yw5, -x5*zw5, -x5]\n",
    "a[9] = [0, 0, 0, 0, xw5, yw5, zw5, 1, -y5*xw5, -y5*yw5, -y5*zw5, -y5]\n",
    "a[10] = [xw6, yw6, zw6, 1, 0, 0, 0, 0, -x6*xw6, -x6*yw6, -x6*zw6, -x6]\n",
    "a[11] = [0, 0, 0, 0, xw6, yw6, zw6, 1, -y6*xw6, -y6*yw6, -y6*zw6, -y6]"
   ]
  },
  {
   "cell_type": "code",
   "execution_count": 22,
   "metadata": {},
   "outputs": [
    {
     "data": {
      "text/plain": [
       "array([[    6,     0,     2,     1,     0,     0,     0,     0, -4758,\n",
       "            0, -1586,  -793],\n",
       "       [    0,     0,     0,     0,     6,     0,     2,     1, -5304,\n",
       "            0, -1768,  -884],\n",
       "       [    0,     6,     2,     1,     0,     0,     0,     0,     0,\n",
       "        -6480, -2160, -1080],\n",
       "       [    0,     0,     0,     0,     0,     6,     2,     1,     0,\n",
       "        -5280, -1768,  -880],\n",
       "       [    4,     0,     2,     1,     0,     0,     0,     0, -3380,\n",
       "            0, -1690,  -845],\n",
       "       [    0,     0,     0,     0,     4,     0,     2,     1, -3536,\n",
       "            0, -1768,  -884],\n",
       "       [    0,     4,     2,     1,     0,     0,     0,     0,     0,\n",
       "        -4132, -2066, -1033],\n",
       "       [    0,     0,     0,     0,     0,     4,     2,     1,     0,\n",
       "        -3520, -1760,  -880],\n",
       "       [    6,     0,     0,     1,     0,     0,     0,     0, -4758,\n",
       "            0,     0,  -793],\n",
       "       [    0,     0,     0,     0,     6,     0,     0,     1, -5700,\n",
       "            0,     0,  -950],\n",
       "       [    0,     6,     0,     1,     0,     0,     0,     0,     0,\n",
       "        -6480,     0, -1080],\n",
       "       [    0,     0,     0,     0,     0,     6,     0,     1,     0,\n",
       "        -5688,     0,  -948]])"
      ]
     },
     "execution_count": 22,
     "metadata": {},
     "output_type": "execute_result"
    }
   ],
   "source": [
    "a"
   ]
  },
  {
   "cell_type": "code",
   "execution_count": 25,
   "metadata": {},
   "outputs": [
    {
     "data": {
      "text/plain": [
       "((12, 12), (12,), (12, 12))"
      ]
     },
     "execution_count": 25,
     "metadata": {},
     "output_type": "execute_result"
    }
   ],
   "source": [
    "u, s, vh = np.linalg.svd(a, full_matrices=True)\n",
    "u.shape, s.shape, vh.shape"
   ]
  },
  {
   "cell_type": "code",
   "execution_count": 26,
   "metadata": {},
   "outputs": [
    {
     "data": {
      "text/plain": [
       "array([[ -1.10794458e-04,  -5.00454917e-04,  -1.47859775e-04,\n",
       "         -1.12077944e-04,  -1.24572353e-04,  -4.23568432e-04,\n",
       "         -1.30248676e-04,  -1.00489305e-04,   2.02181908e-01,\n",
       "          9.20316356e-01,   2.64604042e-01,   2.05242448e-01],\n",
       "       [  5.11021336e-04,  -1.51343656e-04,   9.19559809e-05,\n",
       "          6.68441935e-05,   5.79116126e-04,  -1.28618915e-04,\n",
       "          1.07440272e-04,   8.26256256e-05,  -9.38220634e-01,\n",
       "          2.80059028e-01,  -1.62645632e-01,  -1.21879915e-01],\n",
       "       [ -7.85007509e-05,  -7.38857974e-05,   5.29682521e-04,\n",
       "          3.19708097e-05,  -1.58681211e-04,  -9.16704412e-05,\n",
       "          4.97491456e-04,   1.20645841e-05,   2.34540937e-01,\n",
       "          2.25846911e-01,  -9.45170626e-01,  -2.52117872e-02],\n",
       "       [ -1.79913254e-04,  -1.63779540e-04,  -2.47682525e-05,\n",
       "          5.17915680e-04,  -3.06195725e-04,   1.00963113e-04,\n",
       "         -5.44323754e-05,   5.05427499e-04,   1.54448496e-01,\n",
       "          1.53549451e-01,   1.00910807e-01,  -9.70764929e-01],\n",
       "       [ -4.85373660e-01,  -4.19567726e-01,  -2.18548856e-01,\n",
       "         -1.66124601e-01,   4.29741369e-01,   4.96398910e-01,\n",
       "          2.29871895e-01,   1.70539528e-01,   7.90920225e-06,\n",
       "         -5.03317518e-06,  -5.30711501e-05,   6.46144836e-05],\n",
       "       [ -5.31069508e-01,   4.56440657e-01,  -1.57436795e-02,\n",
       "         -1.32469423e-02,   4.67754818e-01,  -5.38541842e-01,\n",
       "         -1.49606132e-02,  -1.25704946e-02,   3.05210925e-05,\n",
       "          3.12884689e-05,  -1.51577092e-05,  -1.86273606e-04],\n",
       "       [ -2.20557563e-01,  -1.72603172e-01,   6.43288942e-01,\n",
       "          5.32288283e-03,   1.03520597e-01,   1.61953372e-01,\n",
       "         -6.85415919e-01,  -3.11947411e-02,  -7.44984032e-05,\n",
       "         -1.49588735e-05,  -2.50460063e-05,   4.59834716e-05],\n",
       "       [  2.33159814e-01,  -1.89799594e-01,   9.99085909e-02,\n",
       "         -6.21300797e-01,   5.69138337e-02,  -3.42513540e-01,\n",
       "         -3.91018015e-02,   6.25725534e-01,   1.85339406e-04,\n",
       "         -2.53478571e-04,   2.90307675e-05,  -7.83985181e-05],\n",
       "       [ -2.86220670e-01,   8.30708945e-02,   6.37269043e-01,\n",
       "         -5.28352412e-02,  -3.30616372e-01,   2.93942315e-02,\n",
       "          6.23030065e-01,   6.27319471e-02,  -3.63246925e-04,\n",
       "          3.21182875e-05,   6.68441441e-04,   1.16421188e-04],\n",
       "       [ -3.92310543e-01,   4.12790261e-01,  -2.94952239e-01,\n",
       "         -2.64448249e-01,  -5.51782969e-01,   2.74966282e-01,\n",
       "         -2.85820478e-01,   2.38751174e-01,  -5.82135767e-04,\n",
       "          3.25948701e-04,  -3.25590262e-04,   1.37568662e-04],\n",
       "       [  3.78210677e-01,   6.10294372e-01,   1.87289019e-01,\n",
       "         -1.18389882e-01,   4.10839296e-01,   4.93438718e-01,\n",
       "          7.20148696e-02,   1.33965351e-01,   4.65390130e-04,\n",
       "          5.58024483e-04,   1.95333296e-04,  -7.09415188e-05],\n",
       "       [ -2.22483262e-02,   7.28086485e-03,  -3.11345672e-05,\n",
       "          7.06712978e-01,  -3.32580846e-03,  -7.99545131e-03,\n",
       "         -2.37682857e-02,   7.06659953e-01,  -4.08691685e-06,\n",
       "         -8.75859185e-06,  -3.29856571e-08,   7.47369018e-04]])"
      ]
     },
     "execution_count": 26,
     "metadata": {},
     "output_type": "execute_result"
    }
   ],
   "source": [
    "vh"
   ]
  },
  {
   "cell_type": "code",
   "execution_count": 33,
   "metadata": {},
   "outputs": [
    {
     "data": {
      "text/plain": [
       "array([  2.05242448e-01,  -1.21879915e-01,  -2.52117872e-02,\n",
       "        -9.70764929e-01,   6.46144836e-05,  -1.86273606e-04,\n",
       "         4.59834716e-05,  -7.83985181e-05,   1.16421188e-04,\n",
       "         1.37568662e-04,  -7.09415188e-05,   7.47369018e-04])"
      ]
     },
     "execution_count": 33,
     "metadata": {},
     "output_type": "execute_result"
    }
   ],
   "source": [
    "r = vh[:, 11]\n",
    "r"
   ]
  },
  {
   "cell_type": "code",
   "execution_count": 47,
   "metadata": {},
   "outputs": [
    {
     "data": {
      "text/plain": [
       "array([[  2.05242448e-01,  -1.21879915e-01,  -2.52117872e-02,\n",
       "         -9.70764929e-01],\n",
       "       [  6.46144836e-05,  -1.86273606e-04,   4.59834716e-05,\n",
       "         -7.83985181e-05],\n",
       "       [  1.16421188e-04,   1.37568662e-04,  -7.09415188e-05,\n",
       "          7.47369018e-04]])"
      ]
     },
     "execution_count": 47,
     "metadata": {},
     "output_type": "execute_result"
    }
   ],
   "source": [
    "result = r.reshape(3, 4)\n",
    "result"
   ]
  },
  {
   "cell_type": "code",
   "execution_count": 48,
   "metadata": {},
   "outputs": [
    {
     "data": {
      "text/plain": [
       "array([ -9.70764929e-01,  -7.83985181e-05,   7.47369018e-04])"
      ]
     },
     "execution_count": 48,
     "metadata": {},
     "output_type": "execute_result"
    }
   ],
   "source": [
    "b = result[:, 3]\n",
    "B = result[:, [0,1,2]]\n",
    "b\n"
   ]
  },
  {
   "cell_type": "code",
   "execution_count": 49,
   "metadata": {},
   "outputs": [
    {
     "data": {
      "text/plain": [
       "array([[  2.05242448e-01,  -1.21879915e-01,  -2.52117872e-02],\n",
       "       [  6.46144836e-05,  -1.86273606e-04,   4.59834716e-05],\n",
       "       [  1.16421188e-04,   1.37568662e-04,  -7.09415188e-05]])"
      ]
     },
     "execution_count": 49,
     "metadata": {},
     "output_type": "execute_result"
    }
   ],
   "source": [
    "B"
   ]
  },
  {
   "cell_type": "code",
   "execution_count": 51,
   "metadata": {},
   "outputs": [
    {
     "data": {
      "text/plain": [
       "array([[  4.21244623e-02,  -7.87520777e-06,  -2.93518620e-06],\n",
       "       [ -7.87520777e-06,   3.46978563e-08,   6.32588465e-09],\n",
       "       [ -2.93518620e-06,   6.32588465e-09,   5.03269909e-09]])"
      ]
     },
     "execution_count": 51,
     "metadata": {},
     "output_type": "execute_result"
    }
   ],
   "source": [
    "A = B*B.transpose()\n",
    "A"
   ]
  },
  {
   "cell_type": "code",
   "execution_count": 58,
   "metadata": {},
   "outputs": [],
   "source": [
    "mu0 = A[0,2]\n",
    "v0 = A[1,2]\n",
    "beta = np.sqrt(A[1,1]-np.square(v0))\n",
    "alfa = np.sqrt(A[0,0] - np.square(mu0))"
   ]
  },
  {
   "cell_type": "code",
   "execution_count": 78,
   "metadata": {},
   "outputs": [],
   "source": [
    "K = [[alfa, 0, mu0],[0, beta, v0],[0, 0, 1]]\n",
    "K = np.matrix(K)\n",
    "Km = K.I\n",
    "Km1 = np.squeeze(np.asarray(Km))"
   ]
  },
  {
   "cell_type": "code",
   "execution_count": 79,
   "metadata": {},
   "outputs": [],
   "source": [
    "rotation = Km1*B\n",
    "t = Km1*b"
   ]
  },
  {
   "cell_type": "code",
   "execution_count": null,
   "metadata": {},
   "outputs": [],
   "source": []
  }
 ],
 "metadata": {
  "kernelspec": {
   "display_name": "Python 2",
   "language": "python",
   "name": "python2"
  },
  "language_info": {
   "codemirror_mode": {
    "name": "ipython",
    "version": 2
   },
   "file_extension": ".py",
   "mimetype": "text/x-python",
   "name": "python",
   "nbconvert_exporter": "python",
   "pygments_lexer": "ipython2",
   "version": "2.7.14"
  }
 },
 "nbformat": 4,
 "nbformat_minor": 2
}
